   2.0256926e+00   3.6007785e+02   4.7639656e+00
   1.3297096e+01   3.6000000e+02  -1.0555225e+00
   1.9161691e+01   3.6026548e+02   3.9690834e-02
   1.6087861e+01   3.6000000e+02   2.7700612e-01
   1.8561721e+01   3.6058048e+02   3.9730781e-02
   1.9596232e+01   3.6000000e+02   2.7514242e-01
   1.0959897e+01   3.6010085e+02   4.0698137e-02
   1.7240370e+01   3.6000001e+02   5.4149715e-04
   7.3443952e+00   3.6005021e+02   4.1528268e-02
   2.0836714e+01   3.6003066e+02   3.0423034e-02
   1.1904117e+01   3.6012135e+02   5.1908262e-02
   1.2625287e+01   3.6000000e+02   1.7569528e-03
   1.2679311e+01   3.6010358e+02   4.6966126e-02
   4.2808533e+00   3.6005489e+02   5.8957062e-03
   8.0237855e-01   3.6000192e+02   3.2437448e-02
   1.9918068e+00   3.6000242e+02   2.1322977e-02
   7.3389888e-01   3.6000119e+02   8.3724608e-02
   6.7472862e+00   3.6029241e+02  -1.5359040e-02
   3.4919073e+00   3.6000549e+02   1.3339255e-02
  -5.9992856e-01   3.6000536e+02  -2.5896193e-01
  -1.1639966e+00   3.6000001e+02   4.1945533e-01
  -2.4598769e+00   3.6000007e+02   1.8639105e-01
  -1.9999760e+01   3.6137998e+02   3.0751057e-01
   7.9081611e-01   3.6000593e+02  -1.0601676e-01
   7.9081611e-01   3.6000593e+02  -1.0601676e-01
