   3.5000000e-01   1.4200000e+02   5.0000000e-02
   3.5000000e-01   1.4200000e+02   5.0000000e-02
   3.5000000e-01   1.4200000e+02   5.0000000e-02
   3.5000000e-01   1.4200000e+02   5.0000000e-02
   3.5000000e-01   1.4200000e+02   5.0000000e-02
   3.5000000e-01   1.4200000e+02   5.0000000e-02
   3.5000000e-01   1.4200000e+02   5.0000000e-02
   3.5000000e-01   1.4200000e+02   5.0000000e-02
   3.5000000e-01   1.4200000e+02   5.0000000e-02
   3.5000000e-01   1.4200000e+02   5.0000000e-02
   3.5000000e-01   1.4200000e+02   5.0000000e-02
   3.5000000e-01   1.4200000e+02   5.0000000e-02
   3.5000000e-01   1.4200000e+02   5.0000000e-02
   3.5000000e-01   1.4200000e+02   5.0000000e-02
   3.5000000e-01   1.4200000e+02   5.0000000e-02
   3.5000000e-01   1.4200000e+02   5.0000000e-02
   3.5000000e-01   1.4200000e+02   5.0000000e-02
   3.5000000e-01   1.4200000e+02   5.0000000e-02
   3.5000000e-01   1.4200000e+02   5.0000000e-02
   3.5000000e-01   1.4200000e+02   5.0000000e-02
   3.5000000e-01   1.4200000e+02   5.0000000e-02
   3.5000000e-01   1.4200000e+02   5.0000000e-02
   3.5000000e-01   1.4200000e+02   5.0000000e-02
   3.5000000e-01   1.4200000e+02   5.0000000e-02
   3.5000000e-01   1.4200000e+02   5.0000000e-02
