   2.1073853e+01   3.6089153e+02  -1.7649359e+01
   2.0000000e+01   3.6000000e+02  -1.6665174e+01
   2.1563270e+01   3.6026597e+02  -1.6603473e+01
   1.9998524e+01   3.6418565e+02  -1.5990592e+01
   2.0014587e+01   3.6005718e+02  -1.6443832e+01
   2.0052941e+01   3.6295190e+02  -1.6185033e+01
   2.0046598e+01   3.6301896e+02  -1.5093987e+01
   2.0191197e+01   3.6111969e+02  -1.5261003e+01
   1.9672788e+01   3.6478233e+02  -1.5453691e+01
   1.9835926e+01   3.6347085e+02  -1.5196863e+01
   2.0053138e+01   3.6058719e+02  -1.4970054e+01
   1.9600261e+01   3.6255706e+02  -1.4774383e+01
   1.9721652e+01   3.6196551e+02  -1.4586781e+01
   2.0154334e+01   3.6243871e+02  -1.4501690e+01
   1.9698743e+01   3.6196066e+02  -1.4345046e+01
   1.9850798e+01   3.6009542e+02  -1.4249132e+01
   1.9200434e+01   3.6195894e+02  -1.3312683e+01
   1.9262256e+01   3.6283181e+02  -1.3525311e+01
   1.9858326e+01   3.6265316e+02  -1.4275884e+01
   1.9629456e+01   3.6277535e+02  -1.4743834e+01
   1.8998264e+01   3.6165837e+02  -1.4699974e+01
   1.9701296e+01   3.6111261e+02  -1.4617172e+01
   1.8687968e+01   3.6068141e+02  -1.4559572e+01
   1.9277705e+01   3.6410098e+02  -1.4477525e+01
   1.8910520e+01   3.6206140e+02  -1.4427152e+01
   1.8437666e+01   3.6208183e+02  -1.4403063e+01
   1.8360509e+01   3.6081771e+02  -1.4402916e+01
   1.8616152e+01   3.6147726e+02  -1.4397503e+01
   1.7768059e+01   3.6250118e+02  -1.4418860e+01
   1.7555584e+01   3.6050955e+02  -1.4453472e+01
   1.8589108e+01   3.6051326e+02  -1.4492171e+01
   1.7987798e+01   3.6084960e+02  -1.4534996e+01
   1.7426479e+01   3.6186322e+02  -1.4592715e+01
   1.8226055e+01   3.6191797e+02  -1.4663906e+01
   1.6696447e+01   3.6096595e+02  -1.4722323e+01
   1.7089478e+01   3.6027179e+02  -1.4760977e+01
   1.6134077e+01   3.6104982e+02  -1.4824123e+01
   1.7081757e+01   3.6056444e+02  -1.4826235e+01
   1.6504480e+01   3.6127424e+02  -1.4881298e+01
   1.6910359e+01   3.6086103e+02  -1.4935378e+01
   1.5874106e+01   3.6039312e+02  -1.4995800e+01
   1.6390375e+01   3.6031532e+02  -1.5045221e+01
   1.5860857e+01   3.6198428e+02  -1.5096541e+01
   1.6254651e+01   3.6108775e+02  -1.5148303e+01
   1.5563046e+01   3.6014874e+02  -1.5203537e+01
   1.5378025e+01   3.6026977e+02  -1.5253822e+01
   1.4841654e+01   3.6056630e+02  -1.5301970e+01
   1.4081296e+01   3.6072450e+02  -1.5349553e+01
   1.3805343e+01   3.6103505e+02  -1.5399341e+01
   1.3161016e+01   3.6119026e+02  -1.5461843e+01
   1.3697830e+01   3.6018093e+02  -1.5562517e+01
   1.3088316e+01   3.6058236e+02  -1.5629791e+01
   1.2796569e+01   3.6032503e+02  -1.5735380e+01
   1.2554816e+01   3.6047207e+02  -1.5826250e+01
   1.0812643e+01   3.6015430e+02  -1.5898486e+01
   1.0596520e+01   3.6184884e+02  -1.5975553e+01
   1.0034106e+01   3.6062685e+02  -1.6041172e+01
   9.9023244e+00   3.6048866e+02  -1.6162883e+01
   9.0137612e+00   3.6198524e+02  -1.6232681e+01
   6.6373040e+00   3.6035507e+02  -1.6284426e+01
   7.2182197e+00   3.6058270e+02  -1.6320457e+01
   6.3436420e+00   3.6061505e+02  -1.6359827e+01
   3.6723539e+00   3.6013452e+02  -1.6407107e+01
   5.3067443e+00   3.6031502e+02  -1.6448296e+01
   4.3845508e+00   3.6027441e+02  -1.6485024e+01
   2.6192788e+00   3.6134536e+02  -1.6511175e+01
   2.7022028e+00   3.6018895e+02  -1.6534159e+01
   3.7835212e+00   3.6103819e+02  -1.6555490e+01
   9.7455440e-01   3.6024509e+02  -1.6563824e+01
   1.8552530e+00   3.6040246e+02  -1.6556959e+01
   2.2828355e+00   3.6033240e+02  -1.6540931e+01
   6.5731800e-01   3.6152711e+02  -1.6467472e+01
   1.8528731e+00   3.6090428e+02  -1.6437166e+01
  -4.8135993e-02   3.6042015e+02  -1.6390687e+01
  -3.6677427e-01   3.6017054e+02  -1.6287117e+01
   2.2586281e+00   3.6060661e+02  -1.6213613e+01
   2.1610346e+00   3.6079878e+02  -1.6134489e+01
   7.5658196e-02   3.6090204e+02  -1.6056417e+01
   9.4853373e-01   3.6021522e+02  -1.5969619e+01
   1.2735885e+00   3.6021822e+02  -1.5885005e+01
  -1.6555450e+00   3.6056457e+02  -1.5819568e+01
   1.8705911e+00   3.6037662e+02  -1.5769835e+01
   1.6217575e+00   3.6045600e+02  -1.5754372e+01
  -5.0616211e-01   3.6019668e+02  -1.5827762e+01
   1.2516208e+00   3.6008946e+02  -1.5856967e+01
   2.2643717e+00   3.6164478e+02  -1.5874756e+01
   7.2040830e-02   3.6088195e+02  -1.5886695e+01
   1.3403391e+00   3.6266264e+02  -1.5902224e+01
   2.4606204e+00   3.6089872e+02  -1.5907383e+01
   4.2424057e-01   3.6072508e+02  -1.5890859e+01
   2.1003557e+00   3.6038250e+02  -1.5824580e+01
   2.0024850e+00   3.6040566e+02  -1.5705951e+01
  -8.7534790e-02   3.6016848e+02  -1.5560658e+01
   1.7417097e+00   3.6004547e+02  -1.5384856e+01
   1.7605686e+00   3.6210211e+02  -1.4829152e+01
  -1.1287005e+00   3.6092610e+02  -1.4628502e+01
   2.0154930e+00   3.6193028e+02  -1.4454013e+01
   4.3693792e+00   3.6119145e+02  -1.4541580e+01
   1.8148970e+00   3.6031400e+02  -1.4565472e+01
   5.3530115e+00   3.6084750e+02  -1.4984167e+01
   5.3065813e+00   3.6047688e+02  -1.5082112e+01
   1.4953756e+00   3.6068184e+02  -1.5106500e+01
   5.6427216e+00   3.6034316e+02  -1.4997180e+01
   5.5727499e+00   3.6029078e+02  -1.4915929e+01
   3.4793977e+00   3.6259018e+02  -1.4870088e+01
   6.1798497e+00   3.6019832e+02  -1.4874656e+01
   5.8566688e+00   3.6023327e+02  -1.4834717e+01
   3.9586293e+00   3.6207506e+02  -1.4821868e+01
   6.6728168e+00   3.6015868e+02  -1.4715499e+01
   7.5541243e+00   3.6186137e+02  -1.4618230e+01
   4.7122140e+00   3.6261076e+02  -1.4453919e+01
   6.9002236e+00   3.6013283e+02  -1.4230118e+01
   8.8472179e+00   3.6062656e+02  -1.3972156e+01
   6.2961093e+00   3.6009327e+02  -1.3411082e+01
   9.4540876e+00   3.6012608e+02  -1.3327990e+01
   1.1242701e+01   3.6054219e+02  -1.3389654e+01
   9.0502051e+00   3.6008617e+02  -1.3564918e+01
   1.0185389e+01   3.6018615e+02  -1.3742614e+01
   1.1552482e+01   3.6178067e+02  -1.4086484e+01
   1.0431807e+01   3.6011661e+02  -1.4727662e+01
   9.5624128e+00   3.6001531e+02  -1.5003903e+01
   9.7734887e+00   3.6020460e+02  -1.5267826e+01
   9.7832215e+00   3.6020284e+02  -1.5477800e+01
   8.4589076e+00   3.6003897e+02  -1.5750874e+01
   9.0921792e+00   3.6072077e+02  -1.5861299e+01
   8.4180149e+00   3.6031550e+02  -1.5927099e+01
   6.2847202e+00   3.6006136e+02  -1.5906557e+01
   5.4793076e+00   3.6209902e+02  -1.5828185e+01
   6.3149686e+00   3.6032503e+02  -1.5703344e+01
   4.4926256e+00   3.6006812e+02  -1.5521263e+01
   4.8202248e+00   3.6097632e+02  -1.5276443e+01
   5.3036203e+00   3.6026757e+02  -1.4958357e+01
   3.9851631e+00   3.6004805e+02  -1.4599429e+01
   6.4396954e+00   3.6263490e+02  -1.4141667e+01
   6.2821050e+00   3.6021149e+02  -1.3856086e+01
   5.6736168e+00   3.6003516e+02  -1.3663836e+01
   8.4405993e+00   3.6125697e+02  -1.3573225e+01
   8.5829473e+00   3.6018791e+02  -1.3339998e+01
   8.2724187e+00   3.6003907e+02  -1.3506084e+01
   8.3172902e+00   3.6156763e+02  -1.3813691e+01
   1.0699443e+01   3.6020283e+02  -1.4024792e+01
   9.5866067e+00   3.6004073e+02  -1.4222431e+01
   1.0018768e+01   3.6001589e+02  -1.4378507e+01
   1.1943156e+01   3.6035265e+02  -1.4682500e+01
   1.0311034e+01   3.6007990e+02  -1.4762992e+01
   1.0092265e+01   3.6002144e+02  -1.4788086e+01
   1.0077530e+01   3.6064616e+02  -1.4769312e+01
   9.9780752e+00   3.6009989e+02  -1.4668778e+01
   9.8522746e+00   3.6003100e+02  -1.4548829e+01
   1.0572025e+01   3.6025252e+02  -1.4384398e+01
   1.0035200e+01   3.6012555e+02  -1.4210511e+01
   1.0243445e+01   3.6003964e+02  -1.4063846e+01
   1.1450705e+01   3.6069342e+02  -1.3934829e+01
   1.1055277e+01   3.6019740e+02  -1.3750681e+01
   1.0037539e+01   3.6003936e+02  -1.3805604e+01
   1.0267017e+01   3.6005640e+02  -1.3905697e+01
   1.1835386e+01   3.6075410e+02  -1.4029351e+01
   1.0356266e+01   3.6002603e+02  -1.4017052e+01
   1.0352383e+01   3.6002100e+02  -1.4190197e+01
   1.0086280e+01   3.6000398e+02  -1.4390878e+01
   1.0652261e+01   3.6004511e+02  -1.4579425e+01
   1.0470942e+01   3.6002951e+02  -1.4759321e+01
   1.0317756e+01   3.6000000e+02  -1.4984070e+01
   1.0201530e+01   3.6009381e+02  -1.5087100e+01
   1.0052174e+01   3.6009764e+02  -1.5138592e+01
   8.7804876e+00   3.6001601e+02  -1.5169428e+01
   9.6752142e+00   3.6022757e+02  -1.5186889e+01
   8.8231932e+00   3.6004919e+02  -1.5297197e+01
   7.4329175e+00   3.6002372e+02  -1.5260188e+01
   8.6021474e+00   3.6090128e+02  -1.5175486e+01
   7.4832514e+00   3.6004919e+02  -1.5045290e+01
   6.2879245e+00   3.6003097e+02  -1.4879869e+01
   6.3304158e+00   3.6171525e+02  -1.4712567e+01
   6.9951436e+00   3.6004918e+02  -1.4418669e+01
   6.3120211e+00   3.6003577e+02  -1.4330445e+01
   6.0750321e+00   3.6046338e+02  -1.4299903e+01
   7.6692013e+00   3.6004919e+02  -1.4266265e+01
   7.0516147e+00   3.6003544e+02  -1.4308099e+01
   7.4644197e+00   3.6000000e+02  -1.4377577e+01
   8.2297736e+00   3.6004919e+02  -1.4474350e+01
   7.4916015e+00   3.6003936e+02  -1.4600686e+01
   7.6730305e+00   3.6000000e+02  -1.4743237e+01
   8.2925665e+00   3.6004920e+02  -1.4904711e+01
   6.9960425e+00   3.6003280e+02  -1.5081587e+01
   7.9530695e+00   3.6000000e+02  -1.5263669e+01
   7.1534701e+00   3.6006016e+02  -1.5451834e+01
   5.8869519e+00   3.6009765e+02  -1.5748780e+01
   6.0628155e+00   3.6000000e+02  -1.5895053e+01
   5.1585967e+00   3.6007385e+02  -1.5991372e+01
   3.2281923e+00   3.6009765e+02  -1.6046609e+01
   3.2977172e+00   3.6000000e+02  -1.6087815e+01
   2.4048064e+00   3.6007386e+02  -1.6053967e+01
   6.1757593e-01   3.6009766e+02  -1.5998640e+01
   9.3135937e-01   3.6000000e+02  -1.5835149e+01
   4.4083141e-01   3.6007387e+02  -1.5720101e+01
  -9.0930341e-01   3.6009768e+02  -1.5577812e+01
  -1.2946746e-01   3.6000000e+02  -1.5408501e+01
  -1.9442039e-01   3.6007388e+02  -1.5239664e+01
  -1.1139439e+00   3.6009769e+02  -1.5067524e+01
   8.6540426e-02   3.6000000e+02  -1.4923653e+01
   3.9363779e-01   3.6007389e+02  -1.4832753e+01
  -2.3996141e-01   3.6009770e+02  -1.4799829e+01
   1.1171028e+00   3.6000000e+02  -1.4797054e+01
   1.4561684e+00   3.6007389e+02  -1.4835480e+01
   7.4650332e-01   3.6009771e+02  -1.4925351e+01
   1.9293931e+00   3.6000000e+02  -1.5128137e+01
   1.9352203e+00   3.6007390e+02  -1.5282334e+01
   8.2000171e-01   3.6009771e+02  -1.5444591e+01
   1.5702113e+00   3.6000000e+02  -1.5614905e+01
   1.2060861e+00   3.6007391e+02  -1.5793435e+01
  -2.6475371e-01   3.6009771e+02  -1.5930353e+01
   1.8743228e-01   3.6000000e+02  -1.6016915e+01
  -3.7140881e-01   3.6007392e+02  -1.6057096e+01
  -1.9000053e+00   3.6009772e+02  -1.6090579e+01
  -1.4110828e+00   3.6000000e+02  -1.6085737e+01
  -1.8658971e+00   3.6007392e+02  -1.6027227e+01
  -3.2253867e+00   3.6009773e+02  -1.5860257e+01
  -2.4474429e+00   3.6000000e+02  -1.5757005e+01
  -2.0827779e+00   3.6008627e+02  -1.5663503e+01
  -3.1288274e+00   3.6011045e+02  -1.5600767e+01
  -3.6197348e+00   3.6000000e+02  -1.5607320e+01
  -2.3143234e+00   3.6004928e+02  -1.5677434e+01
  -3.4398300e+00   3.6006156e+02  -1.5808237e+01
  -1.9558507e+00   3.6046466e+02  -1.5938135e+01
  -2.7003789e+00   3.6004929e+02  -1.6120686e+01
  -3.9684784e+00   3.6004384e+02  -1.6352123e+01
  -3.2100688e+00   3.6014665e+02  -1.6672212e+01
  -4.2064670e+00   3.6004931e+02  -1.6855575e+01
  -5.2930722e+00   3.6001697e+02  -1.6987892e+01
  -4.6870528e+00   3.6008686e+02  -1.7041782e+01
  -4.6835038e+00   3.6063000e+02  -1.7020580e+01
  -6.3973372e+00   3.6000000e+02  -1.6955757e+01
  -5.4084416e+00   3.6005549e+02  -1.6853176e+01
  -5.4240583e+00   3.6020422e+02  -1.6741211e+01
  -7.0383260e+00   3.6000000e+02  -1.6677112e+01
  -5.6084861e+00   3.6001458e+02  -1.6580660e+01
  -5.5020941e+00   3.6013693e+02  -1.6458017e+01
  -6.2643887e+00   3.6037329e+02  -1.6357403e+01
  -5.6272225e+00   3.6000000e+02  -1.6290047e+01
  -4.5039785e+00   3.6014668e+02  -1.6212387e+01
  -4.3995121e+00   3.6033655e+02  -1.6173507e+01
  -7.1830376e+00   3.6000000e+02  -1.6271670e+01
  -5.4876765e+00   3.6000726e+02  -1.6392691e+01
  -5.3471527e+00   3.6012877e+02  -1.6518451e+01
  -6.0505530e+00   3.6030555e+02  -1.6582365e+01
  -5.3678718e+00   3.6000000e+02  -1.6602196e+01
  -5.1213903e+00   3.6009053e+02  -1.6568955e+01
  -5.8989248e+00   3.6012737e+02  -1.6520306e+01
  -6.0172374e+00   3.6000000e+02  -1.6476412e+01
  -4.8583710e+00   3.6005176e+02  -1.6439456e+01
  -5.6613993e+00   3.6007392e+02  -1.6399269e+01
  -4.4030191e+00   3.6027415e+02  -1.6347356e+01
  -4.7371496e+00   3.6004938e+02  -1.6299763e+01
  -5.5229520e+00   3.6003831e+02  -1.6269693e+01
  -4.3885367e+00   3.6012219e+02  -1.6248931e+01
  -5.6273810e+00   3.6004938e+02  -1.6313437e+01
  -5.5356021e+00   3.6000185e+02  -1.6227631e+01
  -4.3501575e+00   3.6007253e+02  -1.5813573e+01
  -4.3446297e+00   3.6032873e+02  -1.6131589e+01
  -5.7249467e+00   3.6000000e+02  -1.6216948e+01
  -4.5382771e+00   3.6003900e+02  -1.6386284e+01
  -4.3202599e+00   3.6017298e+02  -1.6561684e+01
  -6.2418830e+00   3.6000000e+02  -1.6708779e+01
  -3.9624315e+00   3.6000271e+02  -1.6827361e+01
  -3.4819814e+00   3.6012051e+02  -1.6906426e+01
  -3.7846786e+00   3.6030304e+02  -1.6955910e+01
  -2.6484088e+00   3.6000000e+02  -1.6928851e+01
  -1.9366670e+00   3.6008748e+02  -1.6922660e+01
  -2.1818451e+00   3.6012838e+02  -1.6869208e+01
  -9.8712441e-01   3.6000000e+02  -1.6810450e+01
  -3.9708006e-02   3.6006419e+02  -1.6753968e+01
  -2.6131912e-01   3.6007715e+02  -1.6720845e+01
   1.5302272e-01   3.6007608e+02  -1.6688073e+01
   2.0348098e+00   3.6004945e+02  -1.6670478e+01
   1.9216273e+00   3.6005134e+02  -1.6666922e+01
   4.2803164e+00   3.6116329e+02  -1.6666804e+01
   4.5435331e+00   3.6004946e+02  -1.6665354e+01
   4.6286056e+00   3.6003609e+02  -1.6651263e+01
   7.2264721e+00   3.6081142e+02  -1.6610927e+01
   7.5749149e+00   3.6004946e+02  -1.6555066e+01
   7.6962344e+00   3.6002788e+02  -1.6446515e+01
   8.3884169e+00   3.6048278e+02  -1.6337142e+01
   1.0445847e+01   3.6004945e+02  -1.6081908e+01
   1.0273604e+01   3.6002669e+02  -1.5864779e+01
   1.0508354e+01   3.6000000e+02  -1.5502290e+01
   1.1082823e+01   3.6000271e+02  -1.5269892e+01
   1.1464675e+01   3.6003798e+02  -1.5167096e+01
   1.1457748e+01   3.6000000e+02  -1.5037802e+01
   1.1742155e+01   3.6000709e+02  -1.4940920e+01
   1.2080168e+01   3.6009838e+02  -1.4779366e+01
   1.1846899e+01   3.6000000e+02  -1.4671328e+01
   1.2013502e+01   3.6001312e+02  -1.4704528e+01
   1.1133726e+01   3.6016265e+02  -1.4690379e+01
   1.2057499e+01   3.6000000e+02  -1.4867017e+01
   1.2267688e+01   3.6002419e+02  -1.4974480e+01
   1.1901598e+01   3.6000000e+02  -1.5039271e+01
   1.2073683e+01   3.6000000e+02  -1.4108237e+01
   1.2254424e+01   3.6002467e+02  -1.5647974e+01
   1.1770699e+01   3.6000000e+02  -1.5849091e+01
   1.1650712e+01   3.6000000e+02  -1.5947936e+01
   1.1359700e+01   3.6000000e+02  -1.5974609e+01
   1.0894038e+01   3.6000000e+02  -1.5978350e+01
   1.0264533e+01   3.6000000e+02  -1.5972195e+01
   9.4967430e+00   3.6000000e+02  -1.6004916e+01
   8.6041929e+00   3.6000000e+02  -1.6097677e+01
   7.5572298e+00   3.6000000e+02  -1.6104720e+01
   6.4412188e+00   3.6000000e+02  -1.6295454e+01
   5.1562473e+00   3.6000000e+02  -1.6794759e+01
   3.4802085e+00   3.6000000e+02  -1.7444232e+01
   1.3340209e+00   3.6000000e+02  -1.7917863e+01
  -1.0111371e+00   3.6000000e+02  -1.8157011e+01
  -3.2009243e+00   3.6000000e+02  -1.8224961e+01
  -5.0043408e+00   3.6000000e+02  -1.8133011e+01
  -6.3341824e+00   3.6000000e+02  -1.7931814e+01
  -7.2237624e+00   3.6000000e+02  -1.7413857e+01
  -7.6647934e+00   3.6000000e+02  -1.6959978e+01
  -7.8542853e+00   3.6000000e+02  -1.6769509e+01
  -7.9269040e+00   3.6000000e+02  -1.6671189e+01
  -7.9993404e+00   3.6000000e+02  -1.6794058e+01
  -8.0269156e+00   3.6000000e+02  -1.6408424e+01
  -8.0449376e+00   3.6000000e+02  -1.6317444e+01
  -8.0531855e+00   3.6000000e+02  -1.6087116e+01
  -8.0622208e+00   3.6000000e+02  -1.5906690e+01
  -8.0745394e+00   3.6000000e+02  -1.5795598e+01
  -8.0928637e+00   3.6000000e+02  -1.5727697e+01
  -8.0950900e+00   3.6000000e+02  -1.5584143e+01
  -8.0550494e+00   3.6000000e+02  -1.5417212e+01
  -7.9993086e+00   3.6000000e+02  -1.5387693e+01
  -7.8834761e+00   3.6000000e+02  -1.5166674e+01
  -7.6746261e+00   3.6000000e+02  -1.4951539e+01
  -7.3524722e+00   3.6000000e+02  -1.4725968e+01
  -6.8550277e+00   3.6000000e+02  -1.4298731e+01
  -6.0131801e+00   3.6000000e+02  -1.3680525e+01
  -4.6887831e+00   3.6000000e+02  -1.3236616e+01
  -2.9105076e+00   3.6000000e+02  -1.2711240e+01
  -6.9925706e-01   3.6000000e+02  -1.2539587e+01
   1.5487744e+00   3.6000000e+02  -1.2255753e+01
   3.8516846e+00   3.6000000e+02  -1.2136359e+01
   5.5124415e+00   3.6000000e+02  -1.0247695e+01
   9.0293479e+00   3.6000000e+02  -1.3422076e+01
   9.0070681e+00   3.6000000e+02  -1.1772290e+01
   1.0633021e+01   3.6000000e+02  -1.4915554e+01
   1.0400814e+01   3.6000000e+02  -1.5115965e+01
   1.0062647e+01   3.6000000e+02  -1.5365111e+01
   9.5728803e+00   3.6000000e+02  -1.5689103e+01
   8.8618447e+00   3.6000000e+02  -1.6105032e+01
   7.8152335e+00   3.6000000e+02  -1.6540907e+01
   6.3841659e+00   3.6000000e+02  -1.7250620e+01
   4.3388488e+00   3.6000000e+02  -1.7916547e+01
   1.7646765e+00   3.6000000e+02  -1.8511770e+01
  -1.0670358e+00   3.6000000e+02  -1.8973005e+01
  -3.7219659e+00   3.6000000e+02  -1.9226016e+01
  -5.7679017e+00   3.6000000e+02  -1.9280583e+01
  -7.0074502e+00   3.6000000e+02  -1.9055543e+01
  -7.4298084e+00   3.6000000e+02  -1.8677300e+01
  -7.2439455e+00   3.6000000e+02  -1.8367532e+01
  -6.6814024e+00   3.6000000e+02  -1.7979470e+01
  -5.9449152e+00   3.6000000e+02  -1.7754393e+01
  -5.1356803e+00   3.6000000e+02  -1.7390372e+01
  -5.1356803e+00   3.6000000e+02  -1.7390372e+01
