   2.1956715e+01   3.6097937e+02  -8.6137234e-01
   2.0000000e+01   3.6055105e+02  -7.8244403e-01
   2.1220627e+01   3.6021843e+02  -6.7466861e-01
   1.9997037e+01   3.6301284e+02   2.8656791e+00
   2.0028497e+01   3.6205232e+02  -5.6554237e-01
   2.0000269e+01   3.6301959e+02   1.7627498e+00
   2.0350746e+01   3.6526233e+02   4.5882266e+00
   1.9890389e+01   3.6173489e+02   3.7720527e+00
   1.9891737e+01   3.6168639e+02   5.9228821e+00
   1.9929574e+01   3.6297288e+02   6.5417171e+00
   2.0040946e+01   3.6439859e+02   7.1750240e+00
   1.9997605e+01   3.6051643e+02   7.9159581e+00
   1.9711813e+01   3.6248950e+02   8.9040637e+00
   1.9768305e+01   3.6291051e+02   8.6316630e+00
   1.9059772e+01   3.6236102e+02   9.0495652e+00
   1.9419426e+01   3.6264504e+02   9.5329529e+00
   1.9616923e+01   3.6012987e+02   9.5509845e+00
   1.8911143e+01   3.6349479e+02   9.8147954e+00
   1.8762207e+01   3.6183785e+02   9.7417701e+00
   2.0585413e+01   3.6081209e+02   9.9296870e+00
   1.6737356e+01   3.7595504e+02   1.0022553e+01
   2.0139216e+01   3.6141786e+02   6.4855093e+00
   1.7993030e+01   3.6075899e+02   1.0227492e+01
   1.8962281e+01   3.6213766e+02   1.0106821e+01
   1.6304228e+01   3.6182138e+02   1.0587577e+01
   1.8815855e+01   3.6031789e+02   1.0378585e+01
   1.6126690e+01   3.6235917e+02   1.0581001e+01
   1.6391640e+01   3.6148119e+02   1.0465671e+01
   1.7431455e+01   3.6153454e+02   1.0316297e+01
   1.6019219e+01   3.6134985e+02   9.9942995e+00
   1.6434539e+01   3.6141904e+02   9.9342225e+00
   1.5879286e+01   3.6313429e+02   9.8110247e+00
   1.5908648e+01   3.6110535e+02   9.6810174e+00
   1.6338831e+01   3.6078675e+02   9.5236043e+00
   1.5254863e+01   3.6178612e+02   9.3652746e+00
   1.5407623e+01   3.6093636e+02   9.1929616e+00
   1.4974304e+01   3.6151511e+02   9.0028923e+00
   1.5329348e+01   3.6139810e+02   8.8330748e+00
   1.4735749e+01   3.6078913e+02   8.6573262e+00
   1.4881701e+01   3.6095884e+02   8.4897591e+00
   1.4839862e+01   3.6126336e+02   8.3180762e+00
   1.4289760e+01   3.6142234e+02   8.1556511e+00
   1.4094945e+01   3.6147472e+02   8.0130214e+00
   1.4277246e+01   3.6133840e+02   7.9074777e+00
   1.4129503e+01   3.6091687e+02   8.1136368e+00
   1.2895864e+01   3.6118149e+02   8.3515039e+00
   1.2935826e+01   3.6186991e+02   8.6082304e+00
   1.2631988e+01   3.6087217e+02   8.8544252e+00
   1.2008883e+01   3.6108927e+02   8.9038743e+00
   1.2433910e+01   3.6182132e+02   8.9221285e+00
   1.1581145e+01   3.6124344e+02   8.9374770e+00
   1.1985721e+01   3.6111209e+02   8.9384379e+00
   1.2379871e+01   3.6097989e+02   8.9151934e+00
   1.1209298e+01   3.6148085e+02   8.8698027e+00
   1.0882480e+01   3.6135084e+02   8.7703886e+00
   1.1162207e+01   3.6119933e+02   8.3160993e+00
   1.0836544e+01   3.6076673e+02   7.9539820e+00
   1.0326732e+01   3.6110619e+02   7.5993244e+00
   1.1190465e+01   3.6061100e+02   7.2082455e+00
   9.7814983e+00   3.6156017e+02   7.1186416e+00
   1.0322813e+01   3.6091380e+02   7.1153533e+00
   1.0746961e+01   3.6060460e+02   7.1684757e+00
   9.0501878e+00   3.6210415e+02   7.2811992e+00
   9.7798828e+00   3.6170070e+02   7.4566394e+00
   1.0107324e+01   3.6065249e+02   7.9073565e+00
   9.3332779e+00   3.6109890e+02   8.3523832e+00
   1.0522660e+01   3.6079878e+02   8.5660644e+00
   9.8895964e+00   3.6073374e+02   9.0725721e+00
   9.8205392e+00   3.6124610e+02   9.3575099e+00
   1.0417076e+01   3.6133993e+02   9.4484923e+00
   9.9435187e+00   3.6076095e+02   9.5043779e+00
   1.0036154e+01   3.6082211e+02   9.5189601e+00
   1.0260695e+01   3.6051727e+02   9.4919882e+00
   1.0282949e+01   3.6070422e+02   9.1174968e+00
   9.5699905e+00   3.6149841e+02   8.8574200e+00
   1.0028242e+01   3.6143731e+02   8.3721244e+00
   9.1342699e+00   3.6067343e+02   7.8702867e+00
   9.7403462e+00   3.6038490e+02   7.4950592e+00
   1.0957819e+01   3.6113218e+02   7.1477166e+00
   8.3207519e+00   3.6222051e+02   6.8021531e+00
   1.0148750e+01   3.6212926e+02   6.4961263e+00
   3.0812492e+01   3.6297314e+02   6.2576573e+00
   9.1683921e+00   3.6060918e+02   5.9983636e+00
   8.9016808e+00   3.6260003e+02   6.1353672e+00
   7.1702618e+00   3.6170448e+02   6.5930295e+00
   9.0942977e+00   3.6134110e+02   7.3937532e+00
   1.0150190e+01   3.6128560e+02   7.7640283e+00
   7.6511995e+00   3.6049249e+02   8.3905651e+00
   9.6402995e+00   3.6287172e+02   8.8811451e+00
   9.2767121e+00   3.6074501e+02   9.0898206e+00
   7.5909419e+00   3.6041154e+02   8.9933875e+00
   1.0128905e+01   3.6070395e+02   9.0742362e+00
   8.7165187e+00   3.6058578e+02   8.8403143e+00
   8.2167583e+00   3.6199665e+02   8.8390613e+00
   9.8983778e+00   3.6038824e+02   9.0094289e+00
   8.8948635e+00   3.6049799e+02   9.1693387e+00
   7.5231953e+00   3.6079893e+02   9.3611793e+00
   1.0207835e+01   3.6152263e+02   9.5719655e+00
   8.9473101e+00   3.6045611e+02   9.7888956e+00
   6.2567126e+00   3.6010998e+02   9.9951821e+00
   7.0723534e+00   3.6036607e+02   1.0197511e+01
   7.0418546e+00   3.6038813e+02   1.0384523e+01
   5.7533719e+00   3.6018074e+02   1.0556650e+01
   7.1648648e+00   3.6024190e+02   1.0720072e+01
   7.9458382e+00   3.6072268e+02   1.1573521e+01
   6.7447259e+00   3.6088863e+02   1.1463063e+01
   7.2895804e+00   3.6017301e+02   1.1481811e+01
   8.0276742e+00   3.6050862e+02   1.1814261e+01
   7.0335349e+00   3.6028116e+02   1.1646289e+01
   7.7561496e+00   3.6013374e+02   1.1599072e+01
   8.3668406e+00   3.6141151e+02   1.1312680e+01
   7.4801028e+00   3.6017070e+02   1.1508473e+01
   8.2075592e+00   3.6011813e+02   1.1482268e+01
   9.5892579e+00   3.6124678e+02   1.1435117e+01
   7.9266283e+00   3.6016309e+02   1.1388974e+01
   8.6454741e+00   3.6012144e+02   1.1324570e+01
   1.0230384e+01   3.6112030e+02   1.1270169e+01
   8.2385257e+00   3.6017785e+02   1.1200433e+01
   8.9177150e+00   3.6013213e+02   1.1143692e+01
   9.7566370e+00   3.6216887e+02   1.1075604e+01
   8.8479221e+00   3.6020772e+02   1.1014402e+01
   9.4979810e+00   3.6018056e+02   1.0991157e+01
   9.2608320e+00   3.6123865e+02   1.0939397e+01
   9.0141129e+00   3.6024405e+02   1.0917209e+01
   9.6204309e+00   3.6023252e+02   1.1206437e+01
   9.4484234e+00   3.6197935e+02   1.1192030e+01
   8.9924911e+00   3.6029177e+02   1.1133281e+01
   9.4204829e+00   3.6036014e+02   1.1443042e+01
   8.2373680e+00   3.6144717e+02   1.1257702e+01
   9.2249453e+00   3.6035900e+02   1.1216328e+01
   9.2622127e+00   3.6103266e+02   1.1176901e+01
   9.0846000e+00   3.6069456e+02   1.1128669e+01
   9.4994775e+00   3.6044875e+02   1.1067983e+01
   9.0366225e+00   3.6026232e+02   1.0991785e+01
   9.3236153e+00   3.6091507e+02   1.0902120e+01
   9.6719832e+00   3.6059856e+02   1.0795904e+01
   9.0649558e+00   3.6010472e+02   1.0623662e+01
   9.4698174e+00   3.6113560e+02   1.0105506e+01
   1.0273840e+01   3.6072821e+02   1.0071974e+01
   9.5518451e+00   3.6015096e+02   9.9322944e+00
   9.4229772e+00   3.6058355e+02   9.8018098e+00
   1.0370024e+01   3.6077381e+02   9.6381521e+00
   9.4443172e+00   3.6019538e+02   9.0710612e+00
   9.4237409e+00   3.6029867e+02   8.7838907e+00
   1.0206036e+01   3.6084475e+02   8.6725539e+00
   8.9270140e+00   3.6017569e+02   8.7999965e+00
   9.3437738e+00   3.6019187e+02   8.8531044e+00
   9.8890168e+00   3.6082002e+02   9.0461112e+00
   8.4363028e+00   3.6026867e+02   9.1788775e+00
   8.6254308e+00   3.6029263e+02   9.1830309e+00
   9.0886146e+00   3.6071855e+02   9.1667463e+00
   7.6856446e+00   3.6023269e+02   9.1446719e+00
   8.1172179e+00   3.6087445e+02   9.1161028e+00
   8.7123341e+00   3.6160066e+02   9.0757990e+00
   7.1303693e+00   3.6018843e+02   9.0280245e+00
   8.6231612e+00   3.6232380e+02   8.9735977e+00
   9.3697521e+00   3.6099504e+02   8.9088185e+00
   6.4105395e+00   3.6002649e+02   8.8382229e+00
   9.5982381e+00   3.6100952e+02   8.7724523e+00
   9.0404420e+00   3.6079151e+02   8.7099628e+00
   6.6879131e+00   3.6002594e+02   8.6506264e+00
   9.1731174e+00   3.6054571e+02   8.5916966e+00
   8.9001166e+00   3.6076627e+02   8.5264109e+00
   6.4009049e+00   3.6002624e+02   8.4325166e+00
   8.9512887e+00   3.6038702e+02   8.0631005e+00
   8.4917946e+00   3.6069318e+02   7.8592187e+00
   6.0086245e+00   3.6002619e+02   7.6604980e+00
   8.4321910e+00   3.6030422e+02   7.3491330e+00
   7.8893841e+00   3.6059066e+02   7.3814580e+00
   5.5125942e+00   3.6002607e+02   7.4038791e+00
   7.9545158e+00   3.6025605e+02   7.3312680e+00
   7.3803758e+00   3.6052523e+02   7.2765824e+00
   4.9347752e+00   3.6002628e+02   7.2446877e+00
   7.6439556e+00   3.6022248e+02   7.2440543e+00
   6.8668336e+00   3.6046482e+02   7.2613455e+00
   4.5064704e+00   3.6112093e+02   7.2824827e+00
   7.3718678e+00   3.6019276e+02   7.2946545e+00
   5.8861567e+00   3.6081189e+02   7.2840383e+00
   4.4220933e+00   3.6008362e+02   7.2339079e+00
   7.1616431e+00   3.6016865e+02   7.1287728e+00
   6.1797329e+00   3.6090208e+02   6.9390301e+00
   4.5985070e+00   3.6056882e+02   6.4783614e+00
   6.8700158e+00   3.6014396e+02   5.8194470e+00
   6.7888255e+00   3.6078695e+02   5.1524680e+00
   4.6414935e+00   3.6107050e+02   4.2426758e+00
   6.2118279e+00   3.6011874e+02   3.8486366e+00
   5.9769812e+00   3.6054223e+02   3.6556554e+00
   3.7674634e+00   3.6022048e+02   3.4459293e+00
   5.6887097e+00   3.6123305e+02   3.4223504e+00
   5.2784015e+00   3.6045823e+02   3.6078105e+00
   1.9087348e+00   3.6035930e+02   3.6962866e+00
   5.2843850e+00   3.6015305e+02   3.7644823e+00
   4.8261245e+00   3.6040878e+02   3.7494761e+00
   3.0466887e+00   3.6062255e+02   3.6222227e+00
   4.3421511e+00   3.6066546e+02   3.2401755e+00
   4.6977487e+00   3.6037101e+02   2.3955911e+00
   3.5350516e+00   3.6049987e+02   1.7072761e+00
  -6.4719706e+00   3.6022385e+02   6.0189624e-01
   4.6796316e+00   3.6033998e+02   1.2131252e-03
   2.6215006e+00   3.6028755e+02  -4.4665749e-01
   3.0753326e+00   3.6134449e+02  -7.4087215e-01
   4.2236754e+00   3.6039834e+02  -8.9974709e-01
   9.4483315e-01   3.6055823e+02  -9.6226040e-01
   3.4678779e+00   3.6054782e+02  -9.7863010e-01
   2.4392951e+00   3.6042425e+02  -9.9964822e-01
   8.3200701e-02   3.6024689e+02  -1.0284518e+00
   3.3562439e+00   3.6098336e+02  -9.5337706e-01
   3.5043845e+00   3.6037663e+02  -1.2294805e+00
   8.1786342e-01   3.6042075e+02  -1.5378611e+00
   3.8575675e+00   3.6095365e+02  -1.5281757e+00
   2.9719766e+00   3.6018210e+02  -1.5392098e+00
   4.6764064e-01   3.6016176e+02  -1.4605496e+00
   2.8665849e+00   3.6241839e+02  -1.2646751e+00
   2.3376337e+00   3.6160171e+02  -9.4056725e-01
  -3.7333246e-01   3.6005311e+02  -5.8013989e-01
   3.0319902e+00   3.6170179e+02  -3.2412617e-01
   3.5323305e+00   3.6157213e+02  -2.4335073e-01
   5.9687922e-01   3.6068845e+02  -4.8192128e-01
   4.6988426e+00   3.6035973e+02  -7.9500405e-01
   4.7859349e+00   3.6041106e+02  -1.2071136e+00
   1.8838482e+00   3.6014802e+02  -1.4213943e+00
   6.3246046e+00   3.6018044e+02  -1.5171381e+00
   6.1355795e+00   3.6028660e+02  -1.5060682e+00
   3.8696527e+00   3.6057839e+02  -1.4564542e+00
   7.2354740e+00   3.6011977e+02  -1.4126868e+00
   6.5910078e+00   3.6026103e+02  -1.3210292e+00
   4.0242224e+00   3.6014660e+02  -1.2500408e+00
   7.7435143e+00   3.6008874e+02  -1.1796438e+00
   7.4202895e+00   3.6196534e+02  -1.0894916e+00
   4.7866281e+00   3.6005955e+02  -1.0060543e+00
   8.2694656e+00   3.6010188e+02  -1.0028297e+00
   8.3773095e+00   3.6143440e+02  -9.8869062e-01
   4.9514149e+00   3.6003379e+02  -1.0042242e+00
   8.4958176e+00   3.6010462e+02  -9.9087824e-01
   8.1016757e+00   3.6182203e+02  -9.1028143e-01
   3.7612653e+00   3.6007178e+02  -7.3725481e-01
   7.4887071e+00   3.6010812e+02  -4.0676924e-01
   7.7053628e+00   3.6097686e+02   4.2155680e-01
   2.4303777e+00   3.6072899e+02   1.9197672e+00
   4.8372769e+00   3.6025431e+02   3.6203697e+00
   7.3472800e+00   3.6048449e+02   4.9404950e+00
   3.9060066e+00   3.6157790e+02   5.7472531e+00
   8.6561272e+00   3.6123722e+02   8.1978366e+00
   9.3668162e+00   3.6037620e+02   6.5998287e+00
   6.2671000e+00   3.6222907e+02   8.1752307e+00
   1.0678045e+01   3.6066860e+02   6.5747747e+00
   1.1026941e+01   3.6040315e+02   4.9606604e+00
   7.5003787e+00   3.6110037e+02   5.6402654e+00
   1.0225501e+01   3.6064415e+02   3.2988093e+00
   1.1455807e+01   3.6038254e+02   3.3908071e+00
   8.8681952e+00   3.6180682e+02   3.0544167e+00
   1.0630980e+01   3.6130158e+02   2.4785304e+00
   1.1146202e+01   3.6043692e+02   1.7232360e+00
   7.2099564e+00   3.6117373e+02   1.0308702e+00
   8.6236265e+00   3.6145328e+02   3.0211354e-01
   9.8533152e+00   3.6019199e+02  -2.2262541e-01
   6.7765448e+00   3.6043246e+02  -6.5318977e-01
   7.8091766e+00   3.6097393e+02  -8.8156908e-01
   8.9378223e+00   3.6019991e+02  -9.8040628e-01
   6.2070424e+00   3.6044647e+02  -1.0045146e+00
   7.4434782e+00   3.6177566e+02  -9.8778816e-01
   8.7453684e+00   3.6019809e+02  -9.8520948e-01
   6.4142885e+00   3.6048020e+02  -1.0529187e+00
   8.5430616e+00   3.6195005e+02  -1.1782972e+00
   1.0157527e+01   3.6019098e+02  -1.3752875e+00
   8.2212760e+00   3.6022621e+02  -1.5396140e+00
   1.0656759e+01   3.6017488e+02  -1.7985863e+00
   1.1974147e+01   3.6013596e+02  -9.7673470e-01
   1.0690157e+01   3.6013115e+02   9.5510151e-03
   1.1391422e+01   3.6003111e+02   6.5897990e-01
   1.2077980e+01   3.6005384e+02   2.4086423e+00
   1.2073950e+01   3.6039839e+02   3.7175993e+00
   1.1531352e+01   3.6017862e+02   4.1206130e+00
   1.1610861e+01   3.6012992e+02   4.2412491e+00
   1.0243734e+01   3.6040748e+02   3.9383044e+00
   9.6696862e+00   3.6066699e+02   3.1707065e+00
   1.0702742e+01   3.6011462e+02   2.2867463e+00
   8.4109642e+00   3.6191549e+02   1.5286187e+00
   9.5548063e+00   3.6000260e+02   1.0706410e+00
   9.8324786e+00   3.6015211e+02   1.1414124e+00
   7.1217117e+00   3.6023769e+02   2.1613905e+00
   8.6876242e+00   3.6001275e+02   4.1144488e+00
   8.6249224e+00   3.6019871e+02   6.2805264e+00
   5.7035467e+00   3.6010953e+02   7.6552089e+00
   7.0845691e+00   3.6002195e+02   8.3018828e+00
   7.5035957e+00   3.6023741e+02   8.5211085e+00
   4.9009749e+00   3.6098478e+02   8.4632755e+00
   6.0703638e+00   3.6002577e+02   7.8737967e+00
   6.9671799e+00   3.6024662e+02   7.0930865e+00
   5.8701674e+00   3.6104262e+02   5.4886912e+00
   5.4936663e+00   3.6003270e+02   2.2893993e+00
   5.9176355e+00   3.6024143e+02  -8.1395752e-01
   4.6837767e+00   3.6024003e+02  -2.3176248e+00
   4.0338092e+00   3.6131041e+02  -1.1400453e+00
   5.7551184e+00   3.6022131e+02   7.3325309e-01
   4.9623049e+00   3.6006535e+02   2.0090485e+00
   6.2306187e+00   3.6124069e+02   2.6621805e+00
   6.3563470e+00   3.6022893e+02   2.8424207e+00
   5.4809290e+00   3.6005392e+02   2.9364717e+00
   7.0031675e+00   3.6066357e+02   2.5741572e+00
   6.6515903e+00   3.6022033e+02   1.9111836e+00
   5.4381594e+00   3.6002591e+02   1.0559699e+00
   6.3187128e+00   3.6043257e+02  -2.4407277e-01
   4.9642978e+00   3.6021800e+02  -1.7158350e+00
   1.7583119e+00   3.6000000e+02  -2.5332717e+00
   8.0744550e-01   3.6023655e+02  -1.7782380e+00
   8.7254043e-01   3.6021533e+02  -2.0674675e-01
   1.6713129e-01   3.6136471e+02   1.6099558e-02
   1.6713129e-01   3.6136471e+02   1.6099558e-02
