   1.5833333e+00   2.3200000e+02   8.3333333e-02
   1.5833333e+00   2.3200000e+02   8.3333333e-02
   1.5833333e+00   2.3200000e+02   8.3333333e-02
   1.5833333e+00   2.3200000e+02   8.3333333e-02
   1.5833333e+00   2.3200000e+02   8.3333333e-02
   1.5833333e+00   2.3200000e+02   8.3333333e-02
   1.5833333e+00   2.3200000e+02   8.3333333e-02
   1.5833333e+00   2.3200000e+02   8.3333333e-02
   1.5833333e+00   2.3200000e+02   8.3333333e-02
   1.5833333e+00   2.3200000e+02   8.3333333e-02
   1.5833333e+00   2.3200000e+02   8.3333333e-02
   1.5833333e+00   2.3200000e+02   8.3333333e-02
   1.5833333e+00   2.3200000e+02   8.3333333e-02
   1.5833333e+00   2.3200000e+02   8.3333333e-02
   1.5833333e+00   2.3200000e+02   8.3333333e-02
   1.5833333e+00   2.3200000e+02   8.3333333e-02
   1.5833333e+00   2.3200000e+02   8.3333333e-02
   1.5833333e+00   2.3200000e+02   8.3333333e-02
