   1.6054736e+00   3.6000105e+02   6.1638225e-01
   1.9793259e+01   3.6000000e+02  -2.5651183e+00
   1.6288739e+00   3.6000022e+02   1.4645828e-01
   1.3799998e+01   3.6001062e+02  -1.1736278e-02
   1.8315096e+01   3.6040089e+02   1.7357567e-02
   1.3026334e+01   3.6000000e+02   7.7539911e-02
   1.4804936e+01   3.6040554e+02   8.9428528e-02
   8.0537166e+00   3.6001660e+02   8.6816892e-03
   1.7644728e+01   3.6019469e+02   3.1137909e-02
   3.6649098e+00   3.6000026e+02   3.6703157e-01
   3.5346300e+00   3.6001576e+02  -3.4947780e-02
   2.3762621e+00   3.6001049e+02   3.7869070e-01
  -1.7066483e+01   3.6087994e+02  -4.5685664e-01
  -1.1642596e+00   3.6003012e+02   9.5077034e-01
   1.6681696e+00   3.6000059e+02  -8.9356771e-02
   4.4653210e+00   3.6000000e+02   4.3100013e-01
   1.2777502e+01   3.6007068e+02   3.1161814e-01
   1.2777502e+01   3.6007068e+02   3.1161814e-01
